2 2
36.168301 63.666793 94.045538 92.296953 
2 2
92.932081 30.439313 0.000000 51.577263 
1 3
97.949808 34.479275 75.573445 
1 3
88.902319 24.514823 98.921864 
5 5
21.638348 39.456637 52.237443 32.964618 17.714239 87.048870 73.910294 62.096454 12.985617 19.199139 70.814984 19.348228 78.271388 26.079268 57.444348 7.812523 46.631542 10.569811 63.548038 99.228838 56.272396 72.428824 82.507508 42.086639 96.346213 
5 5
68.832037 64.789296 38.948369 83.586034 54.696336 59.346519 44.379349 24.010072 46.060583 31.214309 43.002049 36.111267 47.981093 80.328070 59.825104 34.100727 57.322837 87.271592 78.378692 97.692128 87.418320 41.805423 20.351755 11.467147 53.362925 
6 6 1
66.238247 27.028826 16.671274 2.833147 94.279351 69.911766 59.667366 19.960921 24.005305 71.382959 80.086588 48.749202 10.965787 10.751699 19.538201 90.803756 39.982271 59.594109 52.257772 85.812340 70.696623 49.625579 50.431909 49.548401 35.929315 79.519879 89.749421 93.217612 87.171580 29.118245 46.103410 12.994178 64.847002 13.375291 72.610548 89.453063 
3 3 1
29.447241 62.142215 87.162150 44.582895 82.101223 70.877644 79.595655 9.413106 98.805479 
5 5
96.121599 93.525202 90.834533 89.069103 96.166883 45.707284 27.017880 74.917706 34.832622 80.767095 81.166067 65.769536 60.801469 67.573337 41.088548 99.545368 93.004108 59.929812 77.254680 90.773787 96.647181 61.127605 62.845601 87.711341 22.748079 89.416444 4.421546 64.083348 95.487595 33.231946 13.421634 43.290903 64.887737 91.546018 98.010736 23.819974 15.965900 26.784693 18.491715 36.352239 91.093487 82.493925 59.901723 45.908638 67.792888 23.641238 73.238841 91.750407 8.667845 60.953779 
